      localhos   PRTAB(31DEC15)       2               09-AUG-2018   20:02:46               Page    1
ALL_3       .UVCOP .   2  Disk= 2    SU Table version   1
Title: AIPS UV DATA FILE SOURCE TABLE
 
Created by      UVCOP on 08-AUG-2018 12:30:57
Last written by Obit  on 09-AUG-2018 11:33:49
Ncol 21  Nrow 5    Sort cols:
    Table has     4 keyword-value pairs:
   NO_IF    =            8
   VELTYP   =  TOPOCENT
   VELDEF   =  RADIO
   FREQID   =           -1
   Table format incompatable with FITS ASCII tables
 
COL. NO.     1         2        3       4       5       6        7        8         9            10           11        12
     ROW  ID. NO.  SOURCE     QUAL   CALCODE  IFLUX  QFLUX    UFLUX    VFLUX    FREQOFF    BANDWIDTH      RAEPO      DECEPO
  NUMBER                                      JY     JY       JY       JY       HZ         HZ             DEGREES    DEGREES
 
       1     1     0319+415   52433           13.70    0.000    0.000    0.000    0.00000  64000000.0000   49.95067  41.51170
       1                                      13.55    0.000    0.000    0.000    0.00000
       1                                      13.40    0.000    0.000    0.000    0.00000
       1                                      13.26    0.000    0.000    0.000    0.00000
       1                                      13.13    0.000    0.000    0.000    0.00000
       1                                      13.00    0.000    0.000    0.000    0.00000
       1                                      12.88    0.000    0.000    0.000    0.00000
       1                                      12.76    0.000    0.000    0.000    0.00000
       2     2     1331+305   52436   ACAL    15.81    0.000    0.000    0.000    0.00000  64000000.0000  202.78453  30.50916
       2                                      15.43    0.000    0.000    0.000    0.00000
       2                                      15.07    0.000    0.000    0.000    0.00000
       2                                      14.73    0.000    0.000    0.000    0.00000
       2                                      14.41    0.000    0.000    0.000    0.00000
       2                                      14.11    0.000    0.000    0.000    0.00000
       2                                      13.82    0.000    0.000    0.000    0.00000
       2                                      13.54    0.000    0.000    0.000    0.00000
       3     3     1407+284   52432            0.86    0.000    0.000    0.000    0.00000  64000000.0000  211.75164  28.45408
       3                                       0.91    0.000    0.000    0.000    0.00000
       3                                       0.97    0.000    0.000    0.000    0.00000
       3                                       1.02    0.000    0.000    0.000    0.00000
       3                                       1.08    0.000    0.000    0.000    0.00000
       3                                       1.14    0.000    0.000    0.000    0.00000
       3                                       1.19    0.000    0.000    0.000    0.00000
       3                                       1.25    0.000    0.000    0.000    0.00000
       4     4     0635+5157  52435            0.00    0.000    0.000    0.000    0.00000  64000000.0000   98.80129  51.95050
       4                                       0.00    0.000    0.000    0.000    0.00000
       4                                       0.00    0.000    0.000    0.000    0.00000
       4                                       0.00    0.000    0.000    0.000    0.00000
       4                                       0.00    0.000    0.000    0.000    0.00000
       4                                       0.00    0.000    0.000    0.000    0.00000
       4                                       0.00    0.000    0.000    0.000    0.00000
       4                                       0.00    0.000    0.000    0.000    0.00000
       5     5     0631+5311  52434            0.66    0.000    0.000    0.000    0.00000  64000000.0000   97.89452  53.19104
       5                                       0.65    0.000    0.000    0.000    0.00000
       5                                       0.64    0.000    0.000    0.000    0.00000
       5                                       0.63    0.000    0.000    0.000    0.00000
       5                                       0.62    0.000    0.000    0.000    0.00000
       5                                       0.61    0.000    0.000    0.000    0.00000
       5                                       0.60    0.000    0.000    0.000    0.00000
       5                                       0.59    0.000    0.000    0.000    0.00000
      localhos   PRTAB(31DEC15)       2               09-AUG-2018   20:02:46               Page    2
COL. NO.       13           14         15          16         17            18               19            20          21
     ROW   EPOCH        RAAPP       DECAPP     RAOBS       DECOBS     LSRVEL           RESTFREQ        PMRA        PMDEC
  NUMBER   YEARS        DEGREES     DEGREES    DEGREES     DEGREES    M/SEC            HZ              DEG/DAY     DEG/DAY
 
       1   2000.00000    50.20539   41.56653    49.95067   41.51170       301559406.    -31812500.00     0.00000     0.00000
       1                                                                  301559406.    -31812500.00
       1                                                                  301559406.    -31812500.00
       1                                                                  301559406.    -31812500.00
       1                                                                  301559406.    -31812500.00
       1                                                                  301559406.    -31812500.00
       1                                                                  301559406.    -31812500.00
       1                                                                  301559406.    -31812500.00
       2   2000.00000   202.96084   30.42809   202.78453   30.50916       301559406.    -31812500.00     0.00000     0.00000
       2                                                                  301559406.    -31812500.00
       2                                                                  301559406.    -31812500.00
       2                                                                  301559406.    -31812500.00
       2                                                                  301559406.    -31812500.00
       2                                                                  301559406.    -31812500.00
       2                                                                  301559406.    -31812500.00
       2                                                                  301559406.    -31812500.00
       3   2000.00000   211.92236   28.37946   211.75164   28.45408       301559406.    -31812500.00     0.00000     0.00000
       3                                                                  301559406.    -31812500.00
       3                                                                  301559406.    -31812500.00
       3                                                                  301559406.    -31812500.00
       3                                                                  301559406.    -31812500.00
       3                                                                  301559406.    -31812500.00
       3                                                                  301559406.    -31812500.00
       3                                                                  301559406.    -31812500.00
       4   2000.00000    99.10991   51.93627    98.80129   51.95050    -51164579191.       187500.00     0.00000     0.00000
       4                                                               -51164579191.       187500.00
       4                                                               -51164579191.       187500.00
       4                                                               -51164579191.       187500.00
       4                                                               -51164579191.       187500.00
       4                                                               -51164579191.       187500.00
       4                                                               -51164579191.       187500.00
       4                                                               -51164579191.       187500.00
       5   2000.00000    98.20847   53.17826    97.89452   53.19104       301559406.    -31812500.00     0.00000     0.00000
       5                                                                  301559406.    -31812500.00
       5                                                                  301559406.    -31812500.00
       5                                                                  301559406.    -31812500.00
       5                                                                  301559406.    -31812500.00
       5                                                                  301559406.    -31812500.00
       5                                                                  301559406.    -31812500.00
       5                                                                  301559406.    -31812500.00
